#======== Generative Face Video Enhancement SEI message =====================
SEIGenerativeFaceVideoEnhancementEnabled: 1
SEIGenerativeFaceVideoEnhancementNumber: 4
SEIGenerativeFaceVideoEnhancementBasePicFlag: 1
SEIGenerativeFaceVideoEnhancementNNPresentFlag: 1
SEIGenerativeFaceVideoEnhancementNNModeIdc: 1
SEIGenerativeFaceVideoEnhancementNNTagURI: gfv_uri_tag
SEIGenerativeFaceVideoEnhancementNNURI: gfv_uri
SEIGenerativeFaceVideoEnhancementPayloadFilename: test.nnr
SEIGenerativeFaceVideoEnhancementId: 1 1 1 1 
SEIGenerativeFaceVideoEnhancementGFVId: 1 1 1 1
SEIGenerativeFaceVideoEnhancementGFVCnt: 0 1 2 3 
SEIGenerativeFaceVideoEnhancementMatrixPresentFlag: 1 1 1 1 
SEIGenerativeFaceVideoEnhancementMatrixPredFlag: 0 1 1 1
SEIGenerativeFaceVideoEnhancementMatrixElementPrecisionFactor: 8 8 8 8 
SEIGenerativeFaceVideoEnhancementNumMatrices: 2 2 2 2 
SEIGenerativeFaceVideoEnhancementMatrixWidth: 1 2 1 2 1 2 1 2 
SEIGenerativeFaceVideoEnhancementMatrixHeight: 1 2 1 2 1 2 1 2 
SEIGenerativeFaceVideoEnhancementMatrixElement: 26.396503448486328 45.78859329223633 -3.160353660583496 -9.527654647827148 28.55335235595703 -23.13216781616211 -57.8111457824707 13.789084434509277 39.4227294921875 -53.38071060180664 -55.6965446472168 66.73069763183594 16.63393211364746 -58.148040771484375 8.813323020935059 7.530462741851807 27.344348907470703 45.22682571411133 -4.26420259475708 -10.952098846435547 
SEIGenerativeFaceVideoEnhancementPupilPresentIdx: 3 2 0 3 
SEIGenerativeFaceVideoEnhancementPupilCoordinatePrecisionFactor: 5 5 5 5  
SEIGenerativeFaceVideoEnhancementPupilLeftEyeCoordinateX: -0.09832297431098092 -0.07276895311143672 -0.059703297085232254 -0.04229121738009989 
SEIGenerativeFaceVideoEnhancementPupilLeftEyeCoordinateY: 0.107818603515625 0.11421044667561842 0.11247539520263672 0.10009797414143873 
SEIGenerativeFaceVideoEnhancementPupilRightEyeCoordinateX: 0.05070956917696212 0.06098263762718026 0.05977045103561052 0.06468857166378994 
SEIGenerativeFaceVideoEnhancementPupilRightEyeCoordinateY: 0.05070956917696212 0.06098263762718026 0.05977045103561052 0.06468857166378994 
